main_keyword_lable:
ncm_threshold:1,low_threshold:1,need_node_nums:2,keyword:N,bType:main,intent:N
ncm_threshold:-308,low_threshold:1,need_node_nums:2,keyword:xiao3 ai4 tong2 xue2,bType:main,intent:xiao3 ai4 tong2 xue2

text_match_lable:
ncm_threshold:128,low_threshold:500,need_node_nums:1,keyword:xiao3 ai4 tong2 xue2,bType:main,intent:xiao3 ai4 tong2 xue2
ncm_threshold:102,low_threshold:500,need_node_nums:1,keyword:ting2 xia4 lai2,bType:mlc,intent:ting2 xia4 lai2
ncm_threshold:102,low_threshold:500,need_node_nums:1,keyword:ting2 che1,bType:mlc,intent:ting2 xia4 lai2
ncm_threshold:102,low_threshold:500,need_node_nums:1,keyword:bie2 dong4,bType:mlc,intent:ting2 xia4 lai2
ncm_threshold:102,low_threshold:500,need_node_nums:1,keyword:zhuan4 ge4 quan1,bType:mlc,intent:zhuan4 ge4 quan1
ncm_threshold:102,low_threshold:500,need_node_nums:1,keyword:zhuan3 yi1 quan1,bType:mlc,intent:zhuan4 ge4 quan1
ncm_threshold:102,low_threshold:500,need_node_nums:1,keyword:xuan2 zhuan4 yi4 quan1,bType:mlc,intent:zhuan4 ge4 quan1
ncm_threshold:102,low_threshold:500,need_node_nums:1,keyword:yuan2 di4 zhuan4 quan1,bType:mlc,intent:zhuan4 ge4 quan1
ncm_threshold:102,low_threshold:500,need_node_nums:1,keyword:shui4 jiao4,bType:mlc,intent:shui4 jiao4
ncm_threshold:102,low_threshold:500,need_node_nums:1,keyword:shui4 yi2 hui4,bType:mlc,intent:shui4 jiao4
ncm_threshold:102,low_threshold:500,need_node_nums:1,keyword:qu4 shui4 jiao4,bType:mlc,intent:shui4 jiao4
ncm_threshold:102,low_threshold:500,need_node_nums:1,keyword:xiu1 xi1 yi2 xia4,bType:mlc,intent:shui4 jiao4
ncm_threshold:102,low_threshold:500,need_node_nums:1,keyword:xiang4 qian2 zou3,bType:mlc,intent:xiang4 qian2 zou3
ncm_threshold:102,low_threshold:500,need_node_nums:1,keyword:wang3 qian2 zou3,bType:mlc,intent:xiang4 qian2 zou3
ncm_threshold:102,low_threshold:500,need_node_nums:1,keyword:qian2 jin4,bType:mlc,intent:xiang4 qian2 zou3
ncm_threshold:102,low_threshold:500,need_node_nums:1,keyword:xiang4 hou4 zou3,bType:mlc,intent:xiang4 hou4 zou3
ncm_threshold:102,low_threshold:500,need_node_nums:1,keyword:wang3 hou4 zou3,bType:mlc,intent:xiang4 hou4 zou3
ncm_threshold:102,low_threshold:500,need_node_nums:1,keyword:hou4 tui4,bType:mlc,intent:xiang4 hou4 zou3
ncm_threshold:102,low_threshold:500,need_node_nums:1,keyword:xiang4 zuo3 zou3,bType:mlc,intent:xiang4 zuo3 zou3
ncm_threshold:102,low_threshold:500,need_node_nums:1,keyword:wang3 zuo3 zou3,bType:mlc,intent:xiang4 zuo3 zou3
ncm_threshold:102,low_threshold:500,need_node_nums:1,keyword:zuo3 yi2,bType:mlc,intent:xiang4 zuo3 zou3
ncm_threshold:102,low_threshold:500,need_node_nums:1,keyword:xiang4 you4 zou3,bType:mlc,intent:xiang4 you4 zou3
ncm_threshold:102,low_threshold:500,need_node_nums:1,keyword:you4 yi2,bType:mlc,intent:xiang4 you4 zou3
ncm_threshold:102,low_threshold:500,need_node_nums:1,keyword:wang3 you4 zou3,bType:mlc,intent:xiang4 you4 zou3
ncm_threshold:102,low_threshold:500,need_node_nums:1,keyword:qi3 chuang2,bType:mlc,intent:qi3 chuang2
ncm_threshold:102,low_threshold:500,need_node_nums:1,keyword:bie2 shui4 le0,bType:mlc,intent:qi3 chuang2
ncm_threshold:102,low_threshold:500,need_node_nums:1,keyword:xing3 yi1 xing3,bType:mlc,intent:qi3 chuang2
ncm_threshold:102,low_threshold:500,need_node_nums:1,keyword:mai4 ge4 meng2,bType:mlc,intent:mai4 ge4 meng2
ncm_threshold:102,low_threshold:500,need_node_nums:1,keyword:ke3 ai4 yi1 dian3,bType:mlc,intent:mai4 ge4 meng2
ncm_threshold:102,low_threshold:500,need_node_nums:1,keyword:xiao4 yi2 ge4,bType:mlc,intent:mai4 ge4 meng2
ncm_threshold:102,low_threshold:500,need_node_nums:1,keyword:chang4 shou3 ge1,bType:mlc,intent:chang4 shou3 ge1
ncm_threshold:102,low_threshold:500,need_node_nums:1,keyword:chang4 ge1,bType:mlc,intent:chang4 shou3 ge1
ncm_threshold:102,low_threshold:500,need_node_nums:1,keyword:bo1 fang4 yin1 yue4,bType:mlc,intent:chang4 shou3 ge1
ncm_threshold:102,low_threshold:500,need_node_nums:1,keyword:ni3 kai1 xin1 ma1,bType:mlc,intent:ni3 kai1 xin1 ma1
ncm_threshold:102,low_threshold:500,need_node_nums:1,keyword:gao1 xing4 ma1,bType:mlc,intent:ni3 kai1 xin1 ma1
ncm_threshold:102,low_threshold:500,need_node_nums:1,keyword:xin1 qing2 zen3 me4 yang4,bType:mlc,intent:ni3 kai1 xin1 ma1
ncm_threshold:102,low_threshold:500,need_node_nums:1,keyword:bao4 gao4 zhuang4 tai4,bType:mlc,intent:bao4 gao4 zhuang4 tai4
ncm_threshold:102,low_threshold:500,need_node_nums:1,keyword:xian4 zai4 zen3 me4 yang4,bType:mlc,intent:bao4 gao4 zhuang4 tai4
ncm_threshold:102,low_threshold:500,need_node_nums:1,keyword:cha2 kan4 zhuang4 tai4,bType:mlc,intent:bao4 gao4 zhuang4 tai4
ncm_threshold:102,low_threshold:500,need_node_nums:1,keyword:tui4 chu1 shi2 bie2,bType:mlc,intent:tui4 chu1 shi2 bie2
ncm_threshold:102,low_threshold:500,need_node_nums:1,keyword:qu4 wan2 ba4,bType:mlc,intent:tui4 chu1 shi2 bie2
ncm_threshold:102,low_threshold:500,need_node_nums:1,keyword:zai4 jian4,bType:mlc,intent:tui4 chu1 shi2 bie2
ncm_threshold:102,low_threshold:500,need_node_nums:1,keyword:da4 dian3 sheng1,bType:mlc,intent:da4 dian3 sheng1
ncm_threshold:102,low_threshold:500,need_node_nums:1,keyword:da4 sheng1,bType:mlc,intent:da4 dian3 sheng1
ncm_threshold:102,low_threshold:500,need_node_nums:1,keyword:xiao3 dian3 sheng1,bType:mlc,intent:xiao3 dian3 sheng1
ncm_threshold:102,low_threshold:500,need_node_nums:1,keyword:xiao3 sheng1,bType:mlc,intent:xiao3 dian3 sheng1

mlc_freetalk_lable:

text_match_weight_lable:
row:46,col:64,weight_q:6,branch_q:4,out_q:10,norm:1,norm_in_q:6,norm_out_q:7
0.43823450803756714,0.1325361430644989,0.16221827268600464,0.008886158466339111,-0.22095385193824768,-0.14092504978179932,0.05190986394882202,-0.30104583501815796,-0.44960135221481323,-0.6212441921234131,0.40170055627822876,0.06829386949539185,0.07079631090164185,-0.1401057243347168,-0.0668669044971466,-0.3327777683734894,0.4755803048610687,-0.2275640368461609,0.0952412486076355,-0.06651842594146729,0.10593754053115845,-0.32772648334503174,0.6168642044067383,0.12472669780254364,-0.39700454473495483,0.4413447380065918,0.1389676332473755,0.11899679899215698,0.31449759006500244,0.044259220361709595,0.14688366651535034,0.0010373890399932861,0.043333351612091064,-0.23472867906093597,-0.11293047666549683,0.13584822416305542,0.3274022042751312,-0.30190134048461914,0.1862678825855255,0.19408893585205078,0.4379291534423828,0.11221849918365479,-0.12893545627593994,-0.2852991223335266,0.3034210801124573,-0.11108440160751343,0.007859230041503906,0.04361309856176376,0.43838852643966675,-0.07285529375076294,-0.12475556135177612,0.5611828565597534,-0.08869665861129761,0.1052854061126709,-0.06622931361198425,0.10455400496721268,0.4504467248916626,0.10521876811981201,0.013563111424446106,-0.1429760754108429,0.37046119570732117,0.13773322105407715,0.08068317174911499,0.31695684790611267
-0.09756702184677124,0.20550641417503357,0.3175804018974304,-0.173707515001297,-0.03504316508769989,-0.061460480093955994,0.062106311321258545,-0.20642375946044922,-0.032896578311920166,-0.4094785451889038,0.18740910291671753,-0.37602758407592773,-0.017545878887176514,0.026703156530857086,0.2506425082683563,-0.21891561150550842,0.5076118111610413,0.4493788480758667,-0.0493849515914917,0.0024517178535461426,0.19775362312793732,-0.2303861677646637,-0.16105836629867554,0.2083093672990799,-0.45011699199676514,-0.36482059955596924,-0.06894105672836304,0.04047757387161255,-0.048973262310028076,-0.1756104677915573,0.2214442640542984,0.08184856921434402,0.04442113637924194,0.07053336501121521,0.23108181357383728,-0.09077972173690796,0.02296450175344944,0.3182182013988495,-0.13332048058509827,0.0159456729888916,0.198383629322052,-0.17473945021629333,-0.4388790726661682,0.04599672555923462,0.06939774751663208,0.06988155841827393,0.5190231800079346,-0.47772860527038574,0.5490127801895142,0.14482790231704712,0.08796301484107971,-0.1229667067527771,-0.03282487392425537,0.17175251245498657,0.28511616587638855,-0.1358346939086914,0.3189852237701416,-0.18312138319015503,-0.4694908559322357,0.08373749256134033,-0.14410942792892456,0.30770343542099,0.22073113918304443,-0.6897603273391724
-0.0842851996421814,0.23477405309677124,0.04626765847206116,-0.03613212704658508,-0.015583470463752747,0.014465108513832092,-0.010951533913612366,-0.4823089838027954,-0.56499183177948,0.2863232493400574,0.25444266200065613,-0.376995712518692,-0.10629945993423462,-0.14972558617591858,-0.39456915855407715,-0.31496191024780273,0.5949026942253113,0.16927266120910645,-0.008726648055016994,0.07256889343261719,0.23021861910820007,-0.3175627589225769,-0.080526202917099,0.23800349235534668,-0.6294069290161133,0.2859126925468445,-0.2620699405670166,0.5819141864776611,0.42427313327789307,-0.13255232572555542,-0.21671569347381592,0.08057303726673126,0.17938971519470215,-0.07104557752609253,-0.04699578881263733,-0.11875152587890625,-0.06657245010137558,-0.0352119505405426,-0.08907902240753174,0.18928414583206177,-0.02741062641143799,-0.059062957763671875,-0.7889092564582825,0.1153179407119751,-0.333682119846344,0.12280070781707764,0.37756043672561646,0.19269543886184692,-0.08860194683074951,0.037204205989837646,-0.08217373490333557,0.5860773324966431,0.15422698855400085,-0.021848559379577637,0.3800418972969055,-0.15329164266586304,0.2243356704711914,0.15967492759227753,-0.33782297372817993,-0.06468188762664795,-0.1395277976989746,-0.06978201866149902,0.4225122630596161,0.07147404551506042
0.3037327527999878,0.2524309754371643,-0.2358921766281128,-0.08476001024246216,0.18593725562095642,0.2931358516216278,0.0014761239290237427,0.14990925788879395,-0.04765474796295166,0.471950888633728,0.19376623630523682,-0.3774690330028534,0.2006658911705017,-0.05686318874359131,-0.0049079060554504395,-0.36222773790359497,0.6435511708259583,0.4166051745414734,0.24956846237182617,-0.06700146198272705,-0.012593403458595276,-0.3544031083583832,-0.4316360354423523,-0.04524994641542435,-0.5439039468765259,0.2569126784801483,-0.01867583394050598,0.4124810993671417,0.360302597284317,-0.16715233027935028,0.28255581855773926,-0.0501343309879303,-0.22321999073028564,-0.1591782569885254,-0.009100288152694702,-0.15254747867584229,0.03795921057462692,-0.2964335083961487,-0.08850240707397461,0.16747590899467468,-0.2435094714164734,-0.08217743039131165,-0.22442978620529175,0.15984022617340088,-0.4612797498703003,0.1229708194732666,-0.48855748772621155,0.30798089504241943,0.4167064428329468,0.0907444953918457,-0.10695783793926239,-0.20006883144378662,0.39269620180130005,-0.043682366609573364,-0.4201394319534302,-0.1171894520521164,0.473258376121521,0.41622355580329895,-0.11461108922958374,0.4567793011665344,-0.062110841274261475,-0.03689989447593689,0.3255212604999542,-0.38635310530662537
0.1268818974494934,0.2075340747833252,0.4994267225265503,-0.3551578223705292,-0.21958281099796295,-0.03011929988861084,0.07337118685245514,-0.6458847522735596,-0.7868750095367432,-0.027653217315673828,0.2374863624572754,-0.15981841087341309,-0.15491828322410583,-0.054073452949523926,-0.11489081382751465,-0.23022045195102692,0.450735479593277,-0.07832366228103638,0.05616837739944458,0.23554491996765137,0.13047006726264954,-0.06134036183357239,0.08489322662353516,-0.17316454648971558,-0.23589283227920532,0.2423548698425293,-0.1647484302520752,-0.13598814606666565,0.5195989608764648,0.41726571321487427,0.11825287342071533,0.19624784588813782,-0.12779027223587036,0.20716574788093567,-0.3236948251724243,0.3830321431159973,0.18950986862182617,0.17973196506500244,-0.04401020705699921,0.10018792748451233,-0.1836722493171692,-0.14768439531326294,-0.3307056427001953,0.06305676698684692,0.3456105589866638,-0.06256616115570068,0.1586715281009674,0.20711219310760498,0.5693093538284302,-0.10148191452026367,-0.07247450947761536,0.7315665483474731,-0.005911827087402344,-0.24572846293449402,-0.05197101831436157,0.3340650796890259,0.33848536014556885,0.17465034127235413,0.08918328583240509,-0.049605756998062134,0.0382688008248806,0.2050567865371704,0.06984299421310425,0.045719683170318604
0.16420477628707886,0.22495748102664948,0.4772729277610779,-0.2433081865310669,0.03077612817287445,-0.014674156904220581,-0.0045013427734375,-0.5921887159347534,-0.8241605758666992,-0.024134337902069092,0.2513962388038635,-0.021164681762456894,-0.13515828549861908,-0.3884757161140442,-0.2568718194961548,-0.12224939465522766,0.3950917422771454,-0.25962865352630615,-0.02798396348953247,0.18606922030448914,-0.09903174638748169,-0.43762749433517456,-0.12266021966934204,0.0746549591422081,-0.24177026748657227,0.44031280279159546,0.07383722066879272,0.3518022298812866,0.49241846799850464,0.3785734474658966,0.19051389396190643,0.21172356605529785,0.07463189959526062,-0.23397600650787354,-0.028086364269256592,0.023901939392089844,0.17133691906929016,-0.14159876108169556,-0.04412606358528137,0.20338106155395508,-0.24963635206222534,-0.167408287525177,-0.23887336254119873,0.034258902072906494,-0.1452322006225586,0.16600453853607178,0.160373717546463,0.05490058660507202,0.6868604421615601,-0.20096689462661743,0.3059368133544922,0.6589397192001343,0.3696448802947998,-0.018513530492782593,0.05784755200147629,0.3471325635910034,0.3452026844024658,0.04612043499946594,0.054248273372650146,0.15151447057724,0.06554204225540161,0.23402440547943115,0.07444566488265991,0.019131124019622803
0.11165881156921387,-0.16501298546791077,0.39130234718322754,-0.13874518871307373,-0.21612000465393066,-0.08963039517402649,0.23188285529613495,-0.6339094638824463,-0.7558115720748901,-0.1401321291923523,-0.1438664197921753,-0.01978394389152527,0.4738427996635437,-0.6038007140159607,-0.2675408720970154,-0.16689378023147583,0.2748437523841858,-0.23408210277557373,-0.02126336097717285,0.4632372260093689,-0.015130162239074707,-0.5473233461380005,0.23135656118392944,0.05478692054748535,-0.15535730123519897,0.02630484104156494,-0.04202669858932495,0.09834545850753784,0.40565282106399536,0.0654401183128357,0.2458849847316742,0.2022995948791504,-0.3278500437736511,0.2980409264564514,0.3768331706523895,0.12987035512924194,0.3050518035888672,0.07124197483062744,-0.08068954944610596,-0.12389200925827026,-0.2216179370880127,-0.04138994216918945,-0.29015451669692993,-0.07491722702980042,0.41071975231170654,0.001973271369934082,0.1224108338356018,0.10368949174880981,0.721827507019043,-0.20671576261520386,0.04047638177871704,0.5984406471252441,0.1254875659942627,-0.19190317392349243,-0.057152047753334045,-0.05261790007352829,0.3335459232330322,-0.2754933536052704,-0.11296115070581436,0.21122491359710693,0.01557055115699768,0.21860569715499878,-0.05550006031990051,0.09505754709243774
0.21724241971969604,-0.16084147989749908,0.4850732684135437,-0.012705355882644653,-0.24458618462085724,0.2921864986419678,0.09579263627529144,-0.47326135635375977,-0.7300998568534851,-0.07196682691574097,0.17970746755599976,-0.11154122650623322,0.14045560359954834,-0.05400794744491577,-0.14128237962722778,-0.1824674904346466,0.3610849380493164,-0.0267830491065979,0.11201852560043335,0.43359118700027466,0.11989468336105347,-0.46859025955200195,0.019657671451568604,-0.3414403200149536,-0.2019975781440735,-0.18419486284255981,0.04029160737991333,0.19357168674468994,0.47733479738235474,-0.10439600050449371,0.06616055965423584,0.17112481594085693,0.010948717594146729,0.39168277382850647,0.34439024329185486,0.10461848974227905,0.2153041511774063,-0.04018580913543701,0.3699951171875,-0.19864892959594727,-0.3168911933898926,0.1113465428352356,-0.29121556878089905,-0.28034502267837524,0.22828125953674316,-0.16646967828273773,0.22122204303741455,0.09761375188827515,0.652741551399231,0.7240085601806641,0.16672956943511963,0.5948424935340881,0.08931779116392136,-0.3436509668827057,-0.0006966590881347656,-0.25359007716178894,0.3376592993736267,-0.046217501163482666,-0.10576038062572479,-0.004484593868255615,0.14542704820632935,-0.03736448287963867,0.19393017888069153,-0.04082077741622925
-0.1672373116016388,0.2728075385093689,-0.12621992826461792,-0.03260987997055054,0.06272664666175842,0.0985793024301529,-0.0264742374420166,-0.08082777261734009,0.03938573598861694,0.42888885736465454,0.13686764240264893,-0.31527411937713623,0.08318780362606049,0.051680803298950195,-0.13992834091186523,-0.48640355467796326,0.7953984141349792,0.2631337642669678,-0.2012939453125,0.3571063280105591,-0.05435691773891449,-0.14722798764705658,-0.07093173265457153,0.38541290163993835,-0.6564391851425171,-0.21276986598968506,-0.10678179562091827,0.3388359248638153,0.8626768589019775,0.0360497385263443,0.1821557581424713,0.1789398491382599,-0.3221297264099121,-0.16767385601997375,-0.11830008029937744,0.20658165216445923,-0.07634126394987106,0.17474716901779175,-0.10527598857879639,0.30202794075012207,-0.1872369647026062,-0.0255090594291687,0.17624396085739136,0.08734659105539322,-0.24763846397399902,-0.0021961480379104614,0.01391303539276123,0.4203926622867584,0.354356050491333,0.12769398093223572,0.0758553147315979,0.10359026491641998,0.291290283203125,0.21333147585391998,-0.1704990565776825,-0.14876824617385864,0.4312100410461426,0.015987826511263847,-0.08307252824306488,0.30199164152145386,-0.13768506050109863,0.026205718517303467,0.07338303327560425,0.21935412287712097
0.6489304304122925,0.24784702062606812,0.3601204454898834,-0.08124686777591705,0.05896568298339844,-0.25237202644348145,1.4990568161010742e-05,-0.2544437646865845,-0.07159554958343506,0.02754533290863037,0.17333734035491943,0.13076990842819214,0.03493857383728027,-0.45076823234558105,0.24314337968826294,-0.4537166357040405,0.5671235918998718,-0.1564861536026001,0.02572709321975708,0.0019950270652770996,-0.1777316927909851,-0.013655364513397217,0.17036503553390503,0.45953142642974854,-0.46291524171829224,0.043624043464660645,-0.18693897128105164,-0.027264297008514404,0.2421693205833435,0.04364224523305893,0.4206746816635132,0.40095824003219604,-0.2602774500846863,-0.08439508080482483,-0.16078415513038635,0.04890015721321106,-0.11017023772001266,0.31118422746658325,-0.17996889352798462,0.2592463493347168,0.0008286833763122559,-0.09438765048980713,-0.2541753053665161,-0.01210467517375946,-0.35285496711730957,-0.00430065393447876,-0.21718084812164307,0.23730696737766266,0.3220006823539734,0.001285552978515625,0.27541232109069824,0.1090724915266037,0.37972593307495117,0.2888837456703186,0.06166207790374756,-0.13684341311454773,0.38868653774261475,0.23979464173316956,0.2341289520263672,0.27230456471443176,0.13425588607788086,0.6486691236495972,0.02850484848022461,-0.15101301670074463
-0.223312109708786,0.20279008150100708,-0.07661442458629608,-0.10705845057964325,-0.03151918947696686,-0.28090745210647583,0.04403102397918701,-0.2256779670715332,-0.07123678922653198,0.40987855195999146,0.03482633829116821,-0.170451819896698,0.011341333389282227,-0.0755084753036499,-0.05526822805404663,-0.4222310781478882,0.6759305596351624,0.23607248067855835,-0.39296096563339233,0.29583656787872314,-0.0022634901106357574,-0.0802786648273468,0.09102123975753784,0.3334442973136902,-0.5439413785934448,-0.09852319955825806,-0.1835828423500061,0.21867936849594116,0.8549274206161499,-0.29585230350494385,-0.03065994381904602,0.06635227054357529,-0.11759358644485474,-0.008790135383605957,-0.07189247012138367,0.187896728515625,0.0820784717798233,0.27603548765182495,-0.25397229194641113,0.03758549690246582,-0.042695820331573486,-0.08038288354873657,0.09161138534545898,-0.007779277861118317,-0.04914093017578125,0.11770837754011154,-0.019663453102111816,0.40791118144989014,0.42700308561325073,0.40746259689331055,0.15639275312423706,-0.01913142204284668,0.2740524113178253,0.39247652888298035,-0.17348003387451172,-0.17058977484703064,0.38410621881484985,0.14252576231956482,-0.08477486670017242,0.3671877384185791,-0.14180052280426025,0.024970948696136475,-0.042486339807510376,0.20850515365600586
-0.3441518247127533,0.11729007959365845,0.15218788385391235,-0.14252230525016785,-0.09911008924245834,-0.25734516978263855,0.019272208213806152,-0.6133488416671753,0.1824944019317627,-0.004490554332733154,-0.04766952991485596,0.020824968814849854,0.05769014358520508,-0.4107157588005066,-0.032813191413879395,-0.4309183359146118,0.5932797193527222,-0.04880034923553467,-0.11586928367614746,-0.05426424741744995,-0.2672802805900574,0.0734202116727829,0.14633768796920776,0.19814112782478333,-0.4989181160926819,-0.12557101249694824,-0.07314598560333252,0.2877548336982727,0.4416263699531555,0.06619925796985626,0.019795238971710205,0.1887831836938858,-0.2545531392097473,0.05632982775568962,0.10756358504295349,-0.2116556167602539,0.14446018636226654,0.3794099688529968,-0.20038272440433502,0.026302099227905273,0.34929096698760986,-0.01043933629989624,0.14647941291332245,-0.21926233172416687,-0.1504528522491455,-0.02983686327934265,0.06945061683654785,0.24824422597885132,0.5660609006881714,0.2335565686225891,0.4293510615825653,-0.14887070655822754,0.16815994679927826,0.2613723576068878,0.2854655385017395,0.02364402264356613,0.3479187488555908,0.09824371337890625,-0.2548452913761139,0.22272908687591553,-0.0975675880908966,0.08767372369766235,-0.3618071377277374,0.0884738564491272
0.1612662672996521,0.20773600041866302,-0.5415274500846863,-0.17623072862625122,-0.09874255955219269,-0.09454908967018127,0.0937006026506424,-0.2405097484588623,-0.09381836652755737,-0.21546995639801025,-0.16809344291687012,-0.17712074518203735,0.0953308641910553,0.026048719882965088,0.3665819764137268,-0.3331905007362366,0.47207558155059814,0.3412153124809265,0.01851564645767212,-0.13497650623321533,0.31584179401397705,-0.17052555084228516,0.003087639808654785,-0.026946984231472015,-0.5330891013145447,0.025924503803253174,-0.16306430101394653,0.7232216596603394,0.5303637385368347,0.3537767827510834,0.06457746028900146,0.1894415318965912,-0.1197892427444458,-0.10028299689292908,-0.42061418294906616,-0.05789485573768616,0.03074309229850769,0.5526044964790344,-0.16565555334091187,-0.06188768148422241,0.320034921169281,-0.11332583427429199,-0.6048954725265503,0.0394158661365509,-0.021137595176696777,-0.3949040472507477,-0.11184018850326538,0.08507433533668518,0.17001795768737793,-0.04735302925109863,0.13126739859580994,0.24559827148914337,0.0644298791885376,-0.04377514123916626,-0.3067779541015625,0.12794531881809235,0.24666982889175415,0.41268596053123474,-0.4368301033973694,0.2784619927406311,-0.16799227893352509,-0.24834752082824707,0.047059863805770874,0.10818120837211609
0.18417656421661377,0.23634092509746552,-0.5163218975067139,-0.19636929035186768,-0.0031032711267471313,0.589672863483429,0.15237823128700256,-0.22601652145385742,-0.09837335348129272,-0.16464680433273315,0.12678050994873047,-0.2580597698688507,0.07021567225456238,-0.007929444313049316,0.32992851734161377,-0.16971760988235474,0.4185529947280884,0.3880428671836853,0.028825759887695312,-0.04914399981498718,0.04088103771209717,-0.26681068539619446,-0.2664108872413635,-0.014669328927993774,-0.5248014330863953,0.061165452003479004,0.21076881885528564,0.6916829347610474,0.5277630686759949,0.23528161644935608,-0.003945589065551758,-0.040230005979537964,0.25527286529541016,-0.05644705891609192,-0.1840592622756958,-0.34305325150489807,0.14612501859664917,0.48001062870025635,-0.20033927261829376,-0.14003866910934448,0.11294955015182495,-0.14065390825271606,-0.5745826959609985,0.011512698605656624,-0.07976031303405762,-0.30156490206718445,-0.06939485669136047,0.001321256160736084,0.26483458280563354,-0.22366732358932495,0.24306915700435638,0.29776251316070557,0.17513543367385864,-0.04626590013504028,-0.2288185954093933,0.24725988507270813,0.22263729572296143,0.36863118410110474,-0.3722345232963562,0.32033422589302063,0.20854204893112183,-0.2626354992389679,-0.18115714192390442,0.16045793890953064
-0.10246708989143372,0.2876054048538208,0.5546119213104248,-0.05957421660423279,0.08721522986888885,0.043812185525894165,-0.03741011023521423,0.1217648983001709,-0.07498282194137573,0.26920485496520996,0.26080936193466187,-0.7266485095024109,0.013095691800117493,-0.12881988286972046,0.13463646173477173,-0.42066049575805664,0.7711037397384644,0.29114025831222534,-0.09461486339569092,0.1278831958770752,0.201371431350708,-0.56050705909729,0.05960997939109802,0.33960264921188354,-0.49197009205818176,0.2456965446472168,-0.10301452875137329,0.6458749771118164,0.046691641211509705,0.076986163854599,0.08459571748971939,0.1373104751110077,0.06253644824028015,-0.3639370799064636,0.03310751914978027,-0.34513208270072937,-0.06885416805744171,-0.01822119951248169,-0.05550837516784668,0.034659020602703094,-0.0039247870445251465,-0.14776486158370972,0.20561903715133667,0.1348811537027359,-0.22713473439216614,0.13687515258789062,-0.49492937326431274,0.07602080702781677,0.5989274978637695,-0.07062333822250366,0.04569941759109497,0.4911898672580719,0.17777514457702637,0.1889324188232422,-0.14619335532188416,0.03499394655227661,0.5036056637763977,0.3078591227531433,-0.4530096650123596,0.22037452459335327,-0.00445181131362915,-0.2359449863433838,0.35269737243652344,0.278128981590271
0.19874483346939087,0.2131207287311554,-0.5719400644302368,-0.1709107905626297,-0.07662555575370789,-0.14405480027198792,0.011098653078079224,-0.2784039378166199,0.023374557495117188,-0.2796354293823242,-0.03483551740646362,-0.24236422777175903,-0.06739984452724457,0.07023817300796509,0.06834250688552856,-0.38052862882614136,0.5452449321746826,0.5551238656044006,0.22624778747558594,0.3801126182079315,-0.3446066677570343,-0.22017274796962738,0.3294823467731476,0.06850466877222061,-0.5567817687988281,-0.03638726472854614,-0.11044597625732422,-0.06936392188072205,0.5607959032058716,0.28656065464019775,-0.08610057830810547,0.14063778519630432,-0.06872481107711792,0.2314380556344986,-0.26023781299591064,0.03130006790161133,0.04050087928771973,0.4018406867980957,-0.0533023476600647,0.02883613109588623,0.3743321895599365,-0.04493379592895508,-0.5619276165962219,-0.0555589497089386,0.17759400606155396,-0.37900009751319885,-0.21784356236457825,0.060124531388282776,0.0548587441444397,-0.19367259740829468,-0.14057332277297974,0.04813201725482941,-0.32280290126800537,0.1583552062511444,-0.2564544081687927,0.12265226244926453,0.25681519508361816,0.4339343011379242,-0.3501310348510742,0.30307209491729736,-0.04061079025268555,-0.19967883825302124,0.2950447201728821,0.11985498666763306
0.2317202091217041,0.24250024557113647,-0.5252717137336731,-0.1251811981201172,-0.03661022335290909,0.5634217262268066,0.07213369011878967,-0.2702246904373169,-0.03177767992019653,-0.2031923085451126,0.1942289173603058,-0.42100656032562256,-0.013164788484573364,0.02530592679977417,0.07315289974212646,-0.26142412424087524,0.47394368052482605,0.5455729961395264,0.20502370595932007,0.47081810235977173,-0.46039825677871704,-0.3763737678527832,-0.08145943284034729,0.04802308231592178,-0.5414733290672302,0.07899284362792969,0.2415480613708496,-0.18543529510498047,0.5826827883720398,0.15399843454360962,-0.14172565937042236,-0.19644728302955627,0.28029510378837585,0.2653733789920807,-0.08324408531188965,-0.014873921871185303,0.16450220346450806,0.33128821849823,-0.12071402370929718,-0.05014476180076599,0.16639047861099243,-0.03801459074020386,-0.544426441192627,-0.04497040435671806,0.06808203458786011,-0.3154013156890869,-0.1433921456336975,0.024880319833755493,0.12063747644424438,-0.25865626335144043,-0.08741515874862671,0.07752730697393417,-0.13085734844207764,0.2303885817527771,-0.12775635719299316,0.2282009720802307,0.22303837537765503,0.3336237370967865,-0.16407473385334015,0.3579568862915039,0.19145384430885315,-0.2901017665863037,-0.0035320520401000977,0.16198116540908813
0.4687498211860657,0.2712821364402771,0.561069667339325,-0.015025779604911804,0.021760106086730957,0.3445473313331604,0.0056876540184021,-0.021835267543792725,0.01906055212020874,0.0905286967754364,0.18615444004535675,-0.5983136892318726,-0.022890940308570862,0.007012486457824707,0.06933033466339111,-0.4630949795246124,0.701537013053894,0.03901022672653198,0.22678768634796143,0.3636775612831116,-0.0345955491065979,-0.1631351262331009,-0.1592026650905609,0.2208806276321411,-0.5254640579223633,0.17157351970672607,-0.09876706451177597,-0.44888269901275635,0.30993616580963135,0.004899673163890839,-0.15990939736366272,-0.12785449624061584,-0.03136685490608215,0.13840413093566895,-0.19366370141506195,0.3989286422729492,-0.31538885831832886,-0.1295781135559082,-0.060566604137420654,0.08949750661849976,0.18183910846710205,-0.06847584247589111,-0.557295024394989,0.06497523188591003,-0.22621607780456543,-0.19287435710430145,-0.31073251366615295,0.11047682166099548,0.1328839659690857,-0.24768652021884918,-0.23415187001228333,0.669482946395874,-0.17882263660430908,0.11012876033782959,0.030761733651161194,-0.02425268292427063,0.3878176212310791,0.09416907280683517,0.006082959473133087,0.253555566072464,-0.10782450437545776,0.2659754157066345,0.011922933161258698,-0.11482053995132446
0.3152344822883606,0.1887788474559784,-0.5571552515029907,-0.13325150310993195,-0.14248110353946686,-0.13562500476837158,0.08526910841464996,-0.16892129182815552,-0.1532554030418396,-0.2849581241607666,-0.17972034215927124,-0.23325461149215698,0.11064425110816956,0.250033974647522,0.3813697099685669,-0.28407326340675354,0.48799264430999756,0.5847942233085632,0.10036218166351318,-0.18798744678497314,-0.17610162496566772,-0.11457860469818115,0.10129648447036743,0.01789996400475502,-0.4925096035003662,-0.021314024925231934,-0.15212810039520264,0.1842726171016693,0.5351231694221497,0.45514246821403503,-0.144001305103302,0.12163791060447693,-0.23711824417114258,0.08352775126695633,-0.37102946639060974,0.06488606333732605,-0.020515650510787964,0.3867338299751282,-0.06945589184761047,0.023085057735443115,0.027878403663635254,-0.08846777677536011,-0.6227748990058899,0.008094847202301025,0.15535253286361694,-0.36308592557907104,-0.10588675737380981,0.42520153522491455,0.2515164017677307,0.07627946138381958,0.018080413341522217,0.042608559131622314,-0.3714437186717987,-0.11571045219898224,-0.06992892920970917,0.052911773324012756,0.27487921714782715,0.3680720329284668,-0.22592613101005554,0.3089083731174469,-0.13868844509124756,-0.4996616244316101,0.24403990805149078,0.19208160042762756
0.2928500175476074,0.19126366078853607,-0.5361114740371704,-0.1610606163740158,-0.11288542300462723,0.5354640483856201,0.16125041246414185,-0.18336021900177002,-0.1447054147720337,-0.2337631732225418,0.129160076379776,-0.35196202993392944,0.11420214176177979,0.18530720472335815,0.3459942936897278,-0.09264704585075378,0.45035088062286377,0.6385902166366577,0.07613962888717651,-0.13585209846496582,-0.3253057599067688,-0.283722847700119,-0.17063230276107788,-0.07195428013801575,-0.47241777181625366,0.05470287799835205,0.2128496766090393,0.16665756702423096,0.5414958000183105,0.3747810423374176,-0.17226874828338623,-0.16039741039276123,0.15680623054504395,0.2257554680109024,0.04216444492340088,-0.1795785129070282,0.08563444018363953,0.3328630328178406,-0.14580950140953064,-0.038170039653778076,-0.1966068148612976,-0.11853259801864624,-0.6307220458984375,-0.037567757070064545,0.17637383937835693,-0.2803552746772766,-0.07676136493682861,0.3693332374095917,0.3260282278060913,-0.0016843080520629883,0.07059746980667114,0.09417077898979187,-0.29198789596557617,-0.06822866201400757,-0.017984390258789062,0.20034395158290863,0.24260127544403076,0.19820833206176758,-0.0582352876663208,0.33494073152542114,0.15903587639331818,-0.49153968691825867,-0.008319050073623657,0.25376999378204346
-0.1408684253692627,0.17023122310638428,0.12521854043006897,-0.07405436038970947,0.09277042746543884,0.1321904957294464,-0.02254432439804077,0.25702035427093506,-0.5876550674438477,-0.5306954383850098,0.11175447702407837,-0.3802036941051483,-0.1557045876979828,-0.3311917781829834,-0.01609480381011963,-0.5782307386398315,0.6940802335739136,0.14928507804870605,-0.30742335319519043,-0.33709341287612915,-0.2749482989311218,-0.1692257821559906,-0.3986241817474365,0.2081197053194046,-0.6815056204795837,-0.11703389883041382,-0.007899865508079529,-0.17849212884902954,-0.5097934007644653,0.4553810954093933,-0.2514916956424713,0.10424041748046875,-0.32946062088012695,-0.12364161014556885,-0.03875941038131714,0.2717708945274353,0.133513942360878,-0.12494269013404846,-0.19013339281082153,0.31319427490234375,-0.19089889526367188,-0.09890444576740265,0.19342893362045288,0.03369900584220886,-0.20808029174804688,0.35324549674987793,-0.20322982966899872,0.30406680703163147,0.6170350313186646,-0.11126410961151123,0.14700187742710114,0.1952148675918579,-0.25242525339126587,-0.008535414934158325,-0.035616397857666016,0.027296587824821472,0.5415769815444946,-0.029484093189239502,0.11530241370201111,-0.19692999124526978,-0.1342606246471405,0.3329259157180786,0.14020642638206482,0.23606300354003906
0.10270613431930542,0.21342149376869202,-0.5742664933204651,-0.1187797486782074,-0.05250173434615135,-0.1285674273967743,0.003162562847137451,-0.3460496664047241,-0.006226480007171631,-0.2981075048446655,0.041048526763916016,-0.0543099045753479,-0.06548839807510376,-0.08567219972610474,0.0036580562591552734,-0.3628496825695038,0.5581836700439453,0.7134023904800415,0.20437085628509521,0.3813849985599518,0.02677309513092041,-0.17973068356513977,0.31700316071510315,0.13579784333705902,-0.5571034550666809,-0.0811123251914978,-0.15933722257614136,0.10560300946235657,0.5397974252700806,0.31822147965431213,0.44832515716552734,0.11354634165763855,-0.058973848819732666,0.10740317404270172,-0.25547316670417786,-0.2189198136329651,-0.10858333110809326,0.33283013105392456,-0.004994630813598633,0.0798911452293396,-0.08463233709335327,-0.11930686235427856,-0.6071591377258301,-0.03127142786979675,0.11463195085525513,-0.37054362893104553,-0.2535601556301117,0.2823556959629059,0.20271652936935425,-0.3152693510055542,0.07089570164680481,-0.10137273371219635,-0.13754616677761078,0.13753294944763184,-0.1060396358370781,0.08183978497982025,0.2559608221054077,0.2834341824054718,-0.23978093266487122,0.29953232407569885,-0.10704711079597473,-0.2071075737476349,0.2379792034626007,0.24746942520141602
-0.18956780433654785,0.22750049829483032,0.09616559743881226,-0.025906682014465332,0.0022815465927124023,0.2294740527868271,0.0006786882877349854,0.16761690378189087,-0.3927030563354492,-0.46184298396110535,0.19135573506355286,-0.4805110991001129,-0.10614874958992004,-0.6247182488441467,-0.11220437288284302,-0.6354214549064636,0.75588458776474,0.4081674814224243,0.016257792711257935,0.2482779175043106,-0.012460153549909592,-0.07688625156879425,-0.09479695558547974,-0.07245443016290665,-0.618311882019043,-0.019126057624816895,-0.09716880321502686,-0.3068251609802246,-0.5201310515403748,-0.06997650861740112,0.20212841033935547,-0.1027204692363739,-0.17797964811325073,0.22903478145599365,-0.16065317392349243,0.08722823858261108,-0.1445693075656891,-0.1187371015548706,-0.1365147829055786,0.2956591844558716,0.13127043843269348,-0.16223564743995667,0.1260770559310913,-0.03141576051712036,-0.27630817890167236,0.006532207131385803,-0.29583150148391724,0.48866182565689087,0.5719500184059143,-0.22412505745887756,0.16997529566287994,-0.06030897796154022,-0.13273677229881287,0.12769781053066254,0.2547173798084259,-0.2938724160194397,0.39206188917160034,0.1603350192308426,0.030991166830062866,-0.21639737486839294,-0.0019161999225616455,0.36932939291000366,0.3736951947212219,0.1722172498703003
0.12200590968132019,0.23771612346172333,-0.5529038906097412,-0.12623880803585052,0.0026916339993476868,0.5263538956642151,0.06551267951726913,-0.35192638635635376,-0.0485154390335083,-0.22430986166000366,0.23377561569213867,-0.18057605624198914,0.005560174584388733,-0.12305808067321777,0.0010685324668884277,-0.2209179699420929,0.48667246103286743,0.7119184732437134,0.19855117797851562,0.33284035325050354,-0.1612442135810852,-0.3272678852081299,-0.13318008184432983,0.0877922922372818,-0.5316894054412842,0.1739230751991272,0.2204572558403015,0.08918774127960205,0.5233699083328247,0.2759173810482025,0.3688408434391022,-0.12459060549736023,0.2887037694454193,0.1117623820900917,-0.060948073863983154,-0.2746492028236389,0.08018556237220764,0.13433212041854858,-0.0878249853849411,0.01702249050140381,-0.34171921014785767,-0.12169986963272095,-0.5930554866790771,-0.06345514953136444,0.0014723539352416992,-0.3025898337364197,-0.18900811672210693,0.23188084363937378,0.3351987600326538,-0.3988967537879944,0.1610259860754013,-0.04549761116504669,-0.013686180114746094,0.18035879731178284,-0.05451280623674393,0.24153640866279602,0.2139185070991516,0.22943367063999176,-0.07961368560791016,0.32016611099243164,0.15878774225711823,-0.26953795552253723,-0.0756920576095581,0.2871891260147095
0.4019572138786316,0.21500331163406372,-0.38745373487472534,-0.04637189209461212,0.20879045128822327,-0.025468528270721436,-0.009209156036376953,-0.6485937833786011,-0.5189101099967957,-0.30037611722946167,0.2554798126220703,-0.5604792833328247,-0.08406409621238708,0.15751540660858154,-0.5156677961349487,-0.22051991522312164,0.4897485077381134,0.22303569316864014,0.004242241382598877,-0.17270147800445557,0.02460862509906292,-0.4077455401420593,-0.21027177572250366,0.5274066925048828,-0.3794704079627991,0.2270655632019043,-0.09866629540920258,0.3139527440071106,0.23131845891475677,0.14999188482761383,-0.32172274589538574,-0.0583023726940155,-0.10677845031023026,-0.19720923900604248,-0.07824671268463135,0.19579030573368073,0.03232164680957794,0.12847992777824402,-0.05394601821899414,0.08926454186439514,0.09390091896057129,-0.18414825201034546,0.015960395336151123,0.22120463848114014,-0.2719178795814514,0.08516275882720947,0.3317069411277771,0.26073789596557617,0.5715979337692261,0.004302382469177246,0.5901193022727966,0.43310296535491943,0.6100401878356934,0.07762518525123596,0.08142615854740143,-0.25182026624679565,0.37255924940109253,0.3219001591205597,-0.23699995875358582,0.12250655889511108,-0.3036618232727051,-0.1270679086446762,0.1991274654865265,-0.29250568151474
-0.16072463989257812,0.17533405125141144,-0.18467512726783752,-0.1662403643131256,-0.08977995812892914,0.1488875150680542,0.08842518925666809,0.014674544334411621,0.1564490795135498,0.0709758996963501,0.15128767490386963,-0.15192127227783203,0.2864854633808136,-0.3122493624687195,0.16671139001846313,-0.44266802072525024,0.552344560623169,0.136826753616333,-0.5934897065162659,0.2790587246417999,-0.05102177709341049,-0.31425613164901733,-0.07204100489616394,-0.18456700444221497,-0.6241400837898254,-0.041280269622802734,-0.06891125440597534,-0.20415160059928894,0.07641768455505371,-0.28279781341552734,0.05692476034164429,0.12400305271148682,-0.15321975946426392,-0.4229196310043335,0.07548096776008606,-0.1265183538198471,0.1319679170846939,0.12006521224975586,-0.1667724847793579,0.18290597200393677,-0.05955994129180908,-0.07493621110916138,-0.5639315843582153,-0.10996320843696594,0.09944063425064087,0.2745455205440521,0.3311299681663513,0.25420063734054565,0.1664726734161377,0.3012704849243164,0.1942790150642395,-0.23829203844070435,0.2789035439491272,0.3388867974281311,-0.2374589443206787,-0.27889323234558105,0.4073255658149719,-0.0643911361694336,-0.2321898341178894,-0.010692954063415527,-0.022343464195728302,0.4176342785358429,0.01939406991004944,-0.05529463291168213
-0.3002738952636719,0.24693289399147034,-0.08927927911281586,-0.1621723771095276,0.10247480124235153,-0.14893463253974915,-0.0342736542224884,-0.6466947793960571,-0.1369037628173828,-0.4239729642868042,0.10475325584411621,-0.2703121304512024,-0.00960928201675415,-0.20376157760620117,0.35549551248550415,-0.39496126770973206,0.6349866986274719,-0.029117882251739502,0.122139573097229,-0.006978929042816162,-0.3939937949180603,-0.49509093165397644,-0.07467919588088989,0.44095659255981445,-0.5119950175285339,0.3064206838607788,-0.05608576536178589,0.25215017795562744,0.040128886699676514,0.09190227091312408,0.34849321842193604,0.2638375461101532,0.07066720724105835,-0.11556684970855713,-0.05947446823120117,-0.40784507989883423,0.00039964914321899414,0.22238636016845703,-0.03780174255371094,0.12795013189315796,0.10427528619766235,-0.1806417852640152,0.09604090452194214,0.037962839007377625,-0.3063715100288391,0.07268935441970825,-0.5082815885543823,0.19550657272338867,0.5693563222885132,-0.03806579113006592,0.3824803829193115,-0.05533531308174133,0.29793795943260193,0.28599852323532104,0.33709269762039185,-0.13258638978004456,0.3938353657722473,0.23520252108573914,-0.13765586912631989,0.14156869053840637,-0.12899135053157806,0.24982336163520813,0.17592981457710266,0.23360368609428406
0.49614304304122925,0.2568743824958801,-0.38174185156822205,-0.25628283619880676,-0.15384343266487122,0.31082963943481445,0.16224072873592377,0.04942244291305542,-0.3809574842453003,-0.34944015741348267,0.21227645874023438,-0.1851208209991455,0.19418643414974213,-0.0653449296951294,-0.1445903182029724,-0.3519451320171356,0.5927417278289795,0.3294065594673157,0.2665754556655884,0.021436452865600586,-0.059268414974212646,-0.1975117325782776,0.0880245566368103,-0.13924212753772736,-0.49270766973495483,0.1342262625694275,0.19215571880340576,-0.051172658801078796,-0.282224178314209,0.07263283431529999,0.30707859992980957,0.07813787460327148,-0.16124987602233887,-0.055742084980010986,-0.06826245784759521,0.22647541761398315,-0.08919131755828857,0.020519256591796875,-0.10577549040317535,0.20261305570602417,0.028826653957366943,-0.21168601512908936,-0.34398573637008667,-0.0404922179877758,0.4448414146900177,-0.5583142042160034,-0.1560724377632141,0.2265535444021225,0.22441065311431885,0.05117166042327881,-0.2587289810180664,-0.1980554163455963,0.3259055018424988,0.20889200270175934,-0.25090503692626953,-0.06535200774669647,0.36001479625701904,0.07919573783874512,0.24960951507091522,-0.033192574977874756,0.28148409724235535,-0.1964678168296814,0.166387140750885,-0.6707848310470581
-0.15952979028224945,0.12159930169582367,0.07546865940093994,-0.1319030225276947,0.11190822720527649,-0.1560913771390915,0.13677844405174255,0.08470654487609863,-0.23177456855773926,-0.47417089343070984,0.389076292514801,0.19676655530929565,0.018504232168197632,-0.48712560534477234,0.22133833169937134,-0.2623266577720642,0.5748685598373413,-0.033483147621154785,-0.10698908567428589,0.1386149525642395,-0.17991873621940613,-0.13522449135780334,0.16166776418685913,0.2218894362449646,-0.4074745774269104,0.3682160973548889,0.035514891147613525,0.10206210613250732,0.2201448678970337,-0.06013776734471321,0.5465437173843384,0.05218622088432312,0.08148819208145142,-0.22806382179260254,0.07400932908058167,0.16606011986732483,-0.19202366471290588,-0.2657698392868042,0.0990491509437561,0.09421873092651367,0.2031317949295044,-0.17533457279205322,0.08266544342041016,-0.10250462591648102,0.011399567127227783,0.23520156741142273,-0.1336534023284912,-0.20414131879806519,0.6912327408790588,-0.30062758922576904,0.04142634943127632,0.08828580379486084,0.37495267391204834,0.1450655460357666,-0.18371930718421936,-0.0888647511601448,0.39600956439971924,-0.08854284882545471,0.15492577850818634,0.6461761593818665,0.23756937682628632,0.1879526972770691,-0.12227630615234375,0.1824139654636383
0.10588455200195312,0.17584484815597534,-0.07933226227760315,-0.1256735920906067,0.0974399745464325,-0.15700042247772217,-0.04658234119415283,0.04430943727493286,-0.06231975555419922,0.2858784794807434,0.0326114296913147,0.08465364575386047,-0.07162871956825256,-0.4674939513206482,-0.16986185312271118,-0.4877200722694397,0.520717442035675,0.11425715684890747,-0.05036437511444092,0.10473787784576416,-0.027468323707580566,0.026834309101104736,0.3989811837673187,0.3118106424808502,-0.617264449596405,-0.08147615194320679,-0.10552650690078735,0.3244130611419678,0.3520089387893677,0.23201404511928558,0.3432653546333313,0.1526866853237152,-0.2657468318939209,-0.009815573692321777,-0.2565455436706543,0.09527287632226944,-0.0359463095664978,0.29961466789245605,-0.07171201705932617,0.20883728563785553,0.03845018148422241,-0.09535583853721619,-0.6770542860031128,-0.1194981038570404,-0.12474679946899414,-0.1849251687526703,0.22134560346603394,0.15434809029102325,0.118427574634552,-0.41950398683547974,0.33331751823425293,0.09367859363555908,-0.20014509558677673,0.19376768171787262,-0.12931419909000397,-0.13845977187156677,0.24108994007110596,0.4452390968799591,-0.24589106440544128,0.7267832159996033,-0.007436968386173248,0.2843603789806366,0.11401137709617615,0.17120367288589478
0.490446537733078,0.16070222854614258,0.1856156587600708,-0.1691097617149353,-0.13160917162895203,-0.17132097482681274,0.05295586585998535,-0.045982182025909424,-0.6485737562179565,0.04130756855010986,-0.041683971881866455,-0.24363550543785095,-0.1891414225101471,-0.1348392367362976,-0.3517475128173828,-0.37537282705307007,0.529808521270752,0.35097211599349976,-0.4313906133174896,-0.10934507846832275,-0.02593931555747986,0.07589495182037354,0.08904188871383667,0.24747520685195923,-0.5885915756225586,-0.01630467176437378,-0.19455862045288086,-0.202691912651062,0.33481359481811523,0.17868445813655853,0.010071754455566406,-0.17196470499038696,0.1507156491279602,-0.138230562210083,-0.3593588173389435,0.410697877407074,-0.42171385884284973,0.452135294675827,-0.08828574419021606,-0.10670435428619385,0.22808080911636353,-0.08560913801193237,-0.6447529792785645,0.03123489022254944,0.3585217595100403,-0.14766287803649902,0.2875807285308838,0.21336255967617035,-0.17272567749023438,0.028861641883850098,-0.2633805274963379,0.2691629230976105,-0.3655041754245758,0.31996554136276245,0.17848078906536102,0.16003669798374176,0.21366667747497559,0.1638149917125702,-0.009388148784637451,0.46185362339019775,-0.17374105751514435,0.1125383973121643,0.011791512370109558,0.1289222240447998
0.42851004004478455,0.25368666648864746,0.16611450910568237,-0.058643847703933716,0.00857110321521759,-0.08588817715644836,-0.006532251834869385,0.11865222454071045,-0.7572843432426453,0.143934965133667,0.14425897598266602,-0.29964396357536316,-0.2680613100528717,-0.2285154163837433,-0.3522360920906067,-0.40661799907684326,0.6715195775032043,0.1507740020751953,0.10341191291809082,0.3573000729084015,0.20775985717773438,-0.08877743780612946,0.15843278169631958,0.21423283219337463,-0.7238543033599854,-0.13066142797470093,-0.20967034995555878,0.17827288806438446,0.1566397249698639,0.17301245033740997,-0.1375201940536499,-0.011202484369277954,0.1331213414669037,-0.01602451503276825,-0.14974480867385864,0.34589117765426636,-0.4436933398246765,0.33307284116744995,-0.017247557640075684,0.09461050480604172,0.25467997789382935,-0.0822807103395462,-0.582073450088501,0.06416141986846924,0.013895988464355469,-0.03248561918735504,0.4571296274662018,-0.31725195050239563,-0.14759224653244019,-0.276466965675354,-0.2943883240222931,0.27804404497146606,-0.20700907707214355,0.1317926049232483,0.39013606309890747,-0.07256479561328888,0.20164138078689575,0.1526569426059723,-0.16775131225585938,0.43864041566848755,-0.11783748120069504,-0.02149069309234619,0.24921908974647522,0.11025762557983398
0.14980942010879517,0.02429332211613655,0.29862749576568604,-0.05658048018813133,-0.14231225848197937,0.3483257591724396,0.07546159625053406,0.22032517194747925,-0.24191856384277344,0.19364944100379944,0.15150755643844604,-0.39730796217918396,-0.03114759922027588,-0.7112383842468262,0.09099560976028442,-0.28816795349121094,0.6175068616867065,-0.24573087692260742,0.06776750087738037,0.29361510276794434,-0.3615066409111023,0.206198051571846,0.13691335916519165,0.08555041253566742,-0.33213919401168823,0.09321653842926025,-0.0035096406936645508,0.47455596923828125,0.1126299500465393,0.036775391548871994,0.0751107931137085,0.04600745439529419,0.19468820095062256,0.17450165748596191,0.06024029850959778,0.15532539784908295,0.09285686910152435,0.36948880553245544,-0.03379058837890625,-0.03745965659618378,0.32080286741256714,0.016472995281219482,-0.18968074023723602,0.016222357749938965,0.20392727851867676,0.11539295315742493,0.09843841195106506,-0.11219459772109985,0.83308345079422,-0.3268967270851135,0.10549615323543549,0.29282161593437195,0.06814208626747131,0.05924175679683685,0.3129621744155884,0.21473455429077148,0.2950328588485718,0.10298454761505127,0.12097224593162537,-0.07975059747695923,0.04365992546081543,0.2873607873916626,-0.3511468172073364,0.20228499174118042
0.15840882062911987,-0.05190296471118927,-0.00017175078392028809,-0.03793555498123169,-0.14799652993679047,0.20983141660690308,0.19317883253097534,-0.27373892068862915,-0.3659187853336334,0.154555082321167,-0.015132904052734375,-0.06786179542541504,-0.1049686074256897,-0.2995266914367676,-0.04580426216125488,-0.391857385635376,0.5772260427474976,0.10674786567687988,-0.4034461975097656,0.31120404601097107,-0.2555698752403259,-0.1781146079301834,0.13122959434986115,-0.0439271479845047,-0.6268664002418518,0.3919496536254883,-0.07499265670776367,0.5951208472251892,-0.3942013382911682,-0.41943007707595825,0.019020378589630127,-0.10470780730247498,0.2377910017967224,-0.31470608711242676,-0.034606218338012695,0.13741981983184814,-0.11835117638111115,-0.143454909324646,-0.02759692072868347,-0.06967413425445557,0.4012545645236969,-0.12855786085128784,0.12551265954971313,-0.03174370527267456,0.331402987241745,0.04908829182386398,0.3003355860710144,0.17062854766845703,0.06975889205932617,0.2884978652000427,-0.00934755802154541,-0.2582107186317444,0.425732284784317,0.17750594019889832,0.07464241981506348,-0.5237600803375244,0.4028608798980713,0.009469568729400635,-0.12182065844535828,-0.038222648203372955,0.10548894107341766,0.24152475595474243,0.03815750777721405,-0.19740813970565796
0.14914089441299438,0.20683717727661133,-0.08843982219696045,-0.31182581186294556,-0.06270032376050949,0.2365192025899887,0.06608746945858002,-0.24314433336257935,-0.09032547473907471,0.08994734287261963,0.224470317363739,0.06648650765419006,-0.07205702364444733,-0.33462637662887573,-0.25752532482147217,-0.37932583689689636,0.6690248250961304,0.1342424750328064,-0.48592254519462585,0.34104031324386597,-0.359844446182251,0.059433188289403915,-0.001637279987335205,-0.05514252185821533,-0.5876920819282532,0.024820983409881592,0.016776680946350098,0.2960140109062195,-0.4796643853187561,0.2205233871936798,-0.15788814425468445,-0.10928934812545776,0.293132483959198,-0.06611701846122742,0.17368783056735992,0.01112481951713562,-0.2715637683868408,0.04068303108215332,-0.06367120146751404,0.1518566906452179,0.3297075629234314,-0.16114181280136108,0.033649981021881104,-0.06848062574863434,0.21491014957427979,0.10758053511381149,0.1820070445537567,0.2620562016963959,0.17531508207321167,0.008702576160430908,0.22325409948825836,-0.2605016827583313,-0.05671989917755127,0.14005237817764282,0.4396509528160095,0.3289860486984253,0.4682222604751587,0.0466231107711792,-0.1268906146287918,0.023197531700134277,-0.03923960030078888,0.2407999038696289,-0.39579999446868896,-0.33038628101348877
-0.18372970819473267,-0.5034542679786682,-0.009303966537117958,-0.13844981789588928,-0.06205934286117554,-0.30258381366729736,-0.07595235109329224,0.24382930994033813,-0.23659896850585938,0.0821523666381836,-0.5395545959472656,-0.4749765396118164,0.1689695119857788,-0.2733207643032074,0.04702872037887573,-0.48056483268737793,0.5425981879234314,0.12090533971786499,-0.027078568935394287,-0.4268362522125244,-0.019861280918121338,0.27434223890304565,0.09860557317733765,0.12072369456291199,-0.5319053530693054,0.08693617582321167,-0.00030916929244995117,0.03488233685493469,0.4761940836906433,0.057426437735557556,-0.07543540000915527,0.13139499723911285,-0.014643847942352295,0.046994276344776154,-0.1258040964603424,-0.2051224410533905,0.2149111032485962,0.23078739643096924,-0.16411635279655457,-0.3183979392051697,-0.09335160255432129,0.04611790180206299,0.1003892719745636,-0.14570161700248718,0.22278070449829102,-0.2621360719203949,0.17411381006240845,0.17634457349777222,0.6560775637626648,0.5449632406234741,0.0059542059898376465,-0.04850044846534729,-0.08966225385665894,-0.12093684077262878,0.4154081344604492,-0.07222802937030792,0.3110634684562683,-0.07338953018188477,-0.48027053475379944,-0.1954287886619568,-0.048391520977020264,-0.19799762964248657,0.12004625797271729,-0.24112862348556519
0.2488471418619156,-0.32109951972961426,0.44678592681884766,-0.22539843618869781,-0.28684887290000916,0.3987971842288971,0.2724855840206146,-0.16455119848251343,0.0917004942893982,0.16295969486236572,-0.01828998327255249,-0.004668295383453369,0.10306710004806519,-0.29374682903289795,0.20386099815368652,-0.10808238387107849,0.4893830418586731,0.07637619972229004,0.05309312045574188,0.41218841075897217,-0.24429422616958618,0.31743964552879333,-0.014573752880096436,-0.16416339576244354,-0.42425113916397095,0.03540480136871338,0.17132353782653809,-0.019371390342712402,0.08281296491622925,0.2899525463581085,-0.2537831664085388,-0.20573323965072632,0.20037841796875,0.15783411264419556,-0.16809801757335663,0.3029433488845825,-0.05675813555717468,-0.18036913871765137,0.3104628026485443,0.02899840474128723,0.042124390602111816,0.04703599214553833,-0.3204099237918854,-0.18425217270851135,0.4117966890335083,-0.030115514993667603,0.15819981694221497,0.11170977354049683,0.2762439250946045,-0.040627479553222656,-0.1741219311952591,0.5109335780143738,-0.5793656706809998,-0.30643215775489807,0.11520594358444214,0.27950215339660645,0.38299745321273804,0.33847010135650635,0.05495309829711914,0.1746928095817566,0.14603635668754578,-0.2903509736061096,-0.19734400510787964,-0.6553134322166443
-0.16733181476593018,-0.5010167956352234,-0.01426553726196289,-0.24217359721660614,-0.18059459328651428,-0.30838966369628906,-0.005690395832061768,0.27463704347610474,-0.22828811407089233,0.07578003406524658,-0.2003675103187561,-0.14082273840904236,0.3986546993255615,-0.24052676558494568,0.0025568827986717224,-0.5099465250968933,0.49630653858184814,-0.009912580251693726,-0.2088947892189026,-0.3859880566596985,0.023158907890319824,0.03208661079406738,0.31572479009628296,-0.011456102132797241,-0.5831630825996399,0.11324834823608398,0.01751023530960083,0.050691962242126465,0.4317808151245117,0.2273527830839157,0.19665783643722534,0.24929063022136688,-0.311917781829834,-0.30849093198776245,-0.40772807598114014,0.24179744720458984,0.2912783920764923,0.02214956283569336,-0.12551254034042358,-0.14881110191345215,0.11592286825180054,0.1497148871421814,0.11647436022758484,-0.09594392776489258,0.4046086072921753,-0.24145522713661194,0.11900061368942261,0.37145984172821045,0.6515231728553772,0.37909817695617676,-0.1615254282951355,0.056426942348480225,-0.00032604485750198364,-0.25936123728752136,0.1904657781124115,-0.04439776390790939,0.3688352108001709,0.03835093975067139,-0.15296489000320435,-0.2007860541343689,-0.052351027727127075,-0.17102468013763428,0.05858081579208374,-0.2546338438987732
0.349933922290802,-0.3175227642059326,0.526211678981781,0.03803861141204834,-0.19168025255203247,-0.19969923794269562,0.23332944512367249,-0.14894992113113403,0.028066933155059814,0.1180882453918457,0.018444418907165527,-0.08357498049736023,-0.02043163776397705,-0.4209740161895752,0.18390095233917236,-0.22106313705444336,0.43917563557624817,0.22676488757133484,0.10796666145324707,0.4489845633506775,0.005675364285707474,-0.08911928534507751,0.389539897441864,0.04326113313436508,-0.42234736680984497,-0.022165238857269287,-0.02933603525161743,-0.05660068988800049,0.2213897407054901,0.0949515700340271,-0.017912685871124268,-0.39641040563583374,0.4618264436721802,0.016617953777313232,0.36217665672302246,0.37089845538139343,-0.06672525405883789,0.000987708568572998,0.2929621934890747,-0.002241089940071106,-0.1063687801361084,-0.05779695510864258,-0.34588974714279175,-0.1620674729347229,0.4542219638824463,-0.0602148175239563,0.2065298855304718,0.11010146141052246,0.17255735397338867,0.22269487380981445,-0.37561115622520447,0.5351778268814087,-0.14215758442878723,-0.21340200304985046,0.13665884733200073,0.03850451111793518,0.29301345348358154,0.10364991426467896,-0.286248117685318,0.18085932731628418,0.12865310907363892,-0.32404476404190063,0.046424806118011475,-0.6221426129341125
0.068722665309906,-0.28980836272239685,0.2188296914100647,0.031161155551671982,-0.11111992597579956,-0.1346103847026825,0.31135138869285583,0.0037749409675598145,-0.24420315027236938,-0.5707358121871948,0.0013486742973327637,-0.18428196012973785,0.12835794687271118,0.1362406611442566,0.35799479484558105,-0.41029298305511475,0.6191932559013367,0.01862788200378418,-0.6042182445526123,-0.25042396783828735,0.0814228355884552,0.19870680570602417,0.015284121036529541,0.1278875470161438,-0.5623600482940674,0.02527517080307007,-0.4410367012023926,-0.4256444275379181,0.2568914294242859,-0.18795885145664215,-0.3264976143836975,0.2508017420768738,0.3162475824356079,0.214663565158844,-0.33328813314437866,0.08949427306652069,-0.10537967830896378,0.2000015377998352,-0.17010438442230225,-0.2303306758403778,0.4615819454193115,-0.002573549747467041,-0.22666281461715698,-0.17014437913894653,0.007933616638183594,0.33992743492126465,-0.2118295431137085,0.25229471921920776,0.2641472816467285,0.1454378366470337,0.02151167392730713,0.010443925857543945,0.1253623515367508,0.18937034904956818,0.3717767000198364,-0.0251045823097229,0.3302994966506958,-0.019146263599395752,0.19543400406837463,0.4117864668369293,-0.18936055898666382,0.31265395879745483,-0.1380574107170105,0.01618969440460205
0.4556744396686554,0.22637692093849182,0.02169966697692871,-0.20364564657211304,0.15833401679992676,-0.2846885621547699,0.04721298813819885,-0.21675819158554077,0.24922865629196167,0.3416542410850525,0.19215387105941772,-0.14195002615451813,-0.004830121994018555,-0.620049774646759,0.09444791078567505,-0.38512203097343445,0.5175195932388306,0.016925156116485596,-0.3242769241333008,-0.29506611824035645,-0.4588914215564728,0.07296741008758545,0.16458648443222046,0.4923470616340637,-0.4628719091415405,-0.10166811943054199,-0.12248709797859192,0.2219027280807495,-0.20133055746555328,0.0022685304284095764,0.21215365827083588,0.20142242312431335,-0.16616767644882202,0.28492456674575806,-0.16939502954483032,-0.026632338762283325,0.07837789505720139,0.19691383838653564,-0.23316305875778198,0.027896195650100708,-0.05379432439804077,-0.08443909883499146,0.0727098286151886,-0.011695384979248047,-0.28512364625930786,0.13528625667095184,0.5283730030059814,-0.2777581214904785,0.5866141319274902,0.0035791397094726562,0.32706940174102783,-0.08055740594863892,-0.1010250449180603,0.12694337964057922,-0.19715964794158936,-0.23390182852745056,0.29178714752197266,0.3590823709964752,-0.09890666604042053,0.5286848545074463,0.11181129515171051,-0.4252646565437317,0.3436426818370819,-0.1032559871673584
-0.0480794757604599,0.2806938588619232,0.6353601813316345,-0.11498796939849854,0.06629219651222229,0.1631958782672882,-0.037487104535102844,0.03481227159500122,-0.007350921630859375,0.09621411561965942,0.1487206220626831,-0.127839595079422,-0.09219476580619812,0.16022062301635742,0.05800831317901611,-0.39366698265075684,0.7958269715309143,0.04360419511795044,-0.1135466992855072,0.35810595750808716,0.20970138907432556,-0.12631620466709137,-0.07091829180717468,-0.013353109359741211,-0.5574309825897217,0.019188761711120605,-0.10798130929470062,0.2947918772697449,0.4073124825954437,0.28301554918289185,0.30470195412635803,0.17023074626922607,-0.44770246744155884,-0.09993869066238403,-0.16884708404541016,0.46438682079315186,-0.035766005516052246,-0.10204029083251953,-0.002047896385192871,0.24988579750061035,-0.16289353370666504,-0.10454551130533218,0.2251940369606018,0.11234816908836365,0.1095280647277832,0.07002952694892883,-0.21925124526023865,0.025166824460029602,0.7242181301116943,-0.054872721433639526,-0.14091560244560242,0.29734140634536743,0.12879876792430878,-0.16332024335861206,-0.3175322115421295,0.08851048350334167,0.5806178450584412,-0.060011863708496094,-0.14761973917484283,0.346443235874176,-0.023268461227416992,0.04546159505844116,0.18892720341682434,0.238416850566864
-0.34629592299461365,0.2131749540567398,0.1416204571723938,-0.36655378341674805,-0.16319844126701355,0.2606056034564972,0.0814204216003418,-0.6843100190162659,-0.5917691588401794,0.16168725490570068,0.12523943185806274,-0.07670752704143524,-0.13951967656612396,-0.12674766778945923,-0.26364707946777344,-0.25124412775039673,0.4492107927799225,0.15436536073684692,0.11108329147100449,-0.07752543687820435,0.08127856254577637,0.016439318656921387,0.021033883094787598,-0.17733681201934814,-0.41664665937423706,0.08206754922866821,-0.08054232597351074,0.34564560651779175,0.08977639675140381,0.214518204331398,0.3827536702156067,-0.09344419836997986,0.17896580696105957,0.033709585666656494,-0.3287177085876465,0.5648667216300964,-0.3008694350719452,-0.022630393505096436,0.039824098348617554,0.15095391869544983,0.03739631175994873,-0.08584535121917725,-0.6663245558738708,0.06403025984764099,0.3971370458602905,-0.1752055585384369,-0.23951774835586548,0.1019701361656189,0.5292778015136719,-0.2899460792541504,0.12515084445476532,-0.046054959297180176,-0.07069131731987,-0.13579469919204712,-0.18469130992889404,0.0758252888917923,0.36426860094070435,0.30178335309028625,-0.15181870758533478,-0.0870366096496582,0.10695627331733704,-0.008784830570220947,0.0999712347984314,-0.2327675223350525
-0.3333032727241516,0.26441019773483276,0.048252105712890625,-0.09681177139282227,-0.01323532871901989,0.3165968656539917,-0.03290896117687225,-0.5784624218940735,-0.6902801990509033,0.10303318500518799,0.16671675443649292,-0.43124863505363464,-0.29759925603866577,0.312479168176651,-0.047270774841308594,-0.3113738000392914,0.6539763808250427,0.09843641519546509,0.07484316825866699,0.23199720680713654,-0.28919410705566406,-0.1731732040643692,-0.14576688408851624,-0.022929877042770386,-0.4750641882419586,-0.007822215557098389,-0.014287978410720825,0.04413050413131714,0.05094027519226074,0.16878361999988556,0.12803083658218384,-0.10649946331977844,-0.098412424325943,-0.06423893570899963,-0.2083759903907776,0.5244485139846802,-0.4363086521625519,0.010103464126586914,-0.03136932849884033,0.29080772399902344,0.31225913763046265,-0.10684958100318909,-0.5673912763595581,0.09434693306684494,0.14149200916290283,-0.1904006004333496,-0.11845993995666504,-0.49864494800567627,0.39584970474243164,-0.2041448950767517,0.08581680059432983,-0.22971314191818237,-0.06940169632434845,-0.16445904970169067,0.11404847353696823,0.027975931763648987,0.4093347191810608,0.08671481907367706,-0.028603048995137215,-0.09364724159240723,-0.12226417660713196,-0.17210626602172852,0.4020400047302246,-0.23277795314788818
-0.4403509199619293,0.23830439150333405,0.06755021959543228,-0.20248964428901672,-0.12858448922634125,-0.018145769834518433,0.07653538882732391,-0.7182859182357788,-0.5787289142608643,0.029364168643951416,0.09376466274261475,-0.27012404799461365,0.1637108027935028,-0.1036863923072815,-0.2563801407814026,-0.327892005443573,0.4802972674369812,0.22029393911361694,0.12177073955535889,-0.16917550563812256,0.23347347974777222,-0.34533700346946716,0.39921867847442627,0.1845349371433258,-0.36918628215789795,-0.11144059896469116,-0.019232869148254395,0.38008612394332886,0.05618923902511597,0.34666913747787476,0.18372508883476257,0.061763882637023926,-0.2891231179237366,0.19422730803489685,0.06543061137199402,0.0036069750785827637,0.08302342891693115,-0.3107724189758301,-0.029778242111206055,0.21195030212402344,-0.1657293438911438,-0.0294380784034729,-0.673578143119812,-0.11845654249191284,0.14276862144470215,-0.11033023148775101,-0.26981377601623535,0.15590402483940125,0.3878780007362366,-0.13760310411453247,-0.03480994701385498,0.03759261965751648,-0.30895867943763733,0.07637777924537659,-0.24276168644428253,0.048129480332136154,0.3892251253128052,0.20222637057304382,-0.3236180245876312,-0.0672987774014473,0.14958202838897705,-0.00894099473953247,0.004530727863311768,-0.31653496623039246
-0.29019299149513245,0.22323358058929443,0.15970760583877563,-0.036926522850990295,0.056193817406892776,-0.015038222074508667,-0.04599985480308533,-0.6244654655456543,-0.6063288450241089,0.21787428855895996,0.12215778231620789,-0.7429702877998352,-0.05344574898481369,0.2752513885498047,-0.457263708114624,-0.4093307852745056,0.6275453567504883,0.3337821960449219,0.01791021227836609,-0.05912595987319946,-0.29329872131347656,-0.32014572620391846,-0.04633358120918274,0.3344777524471283,-0.28081417083740234,-0.011325478553771973,-0.05401623994112015,0.11601415276527405,0.22900402545928955,0.27177613973617554,0.03865933418273926,0.04371535778045654,-0.23122911155223846,-0.3204410672187805,-0.17259034514427185,0.06421881914138794,-0.0989266037940979,0.08877655863761902,-0.00893932580947876,0.33171188831329346,0.21181535720825195,0.03652183711528778,-0.7167672514915466,0.21492494642734528,-0.1401301622390747,-0.1548462063074112,-0.3545592129230499,-0.015445947647094727,0.1752692461013794,-0.13377785682678223,0.09879446029663086,-0.2094188928604126,-0.32627877593040466,0.23369364440441132,0.014225989580154419,-0.05859088897705078,0.6750848293304443,0.26220038533210754,-0.21805258095264435,-0.28821584582328796,-0.15733100473880768,-0.20902447402477264,0.40211719274520874,-0.35042518377304077
